7
Zero R
K-Nearest Neighbors
Logistic Regression
Multi-nomial Naïve Bayes
Random Forest
Support Vector Machine
Multi-Layer Perceptron
    crude_humor_language | 0.4363  | 0.1091  | 0.2500  | 0.1519  | 0.1903  | 0.4363  | 0.2650  | 1.7905  |
drug_alcohol_tobacco_use | 0.5410  | 0.1353  | 0.2500  | 0.1755  | 0.2927  | 0.5410  | 0.3799  | 0.7811  |
                 kissing | 0.7263  | 0.3632  | 0.5000  | 0.4207  | 0.5276  | 0.7263  | 0.6112  | 0.2737  |
               profanity | 0.3784  | 0.0946  | 0.2500  | 0.1373  | 0.1432  | 0.3784  | 0.2078  | 2.5027  |
                  nudity | 0.6247  | 0.1562  | 0.2500  | 0.1923  | 0.3903  | 0.6247  | 0.4804  | 1.0719  |
        sex_and_intimacy | 0.3518  | 0.0880  | 0.2500  | 0.1301  | 0.1238  | 0.3518  | 0.1831  | 2.8780  |
     violence_and_horror | 0.3589  | 0.0897  | 0.2500  | 0.1320  | 0.1288  | 0.3589  | 0.1896  | 0.8124  |
  gay_lesbian_characters | 0.8929  | 0.2976  | 0.3333  | 0.3145  | 0.7972  | 0.8929  | 0.8424  | 0.1892  |
                 overall | 0.4214  | 0.1054  | 0.2500  | 0.1482  | 0.1776  | 0.4214  | 0.2499  | 0.7334  |
                 Average | 0.5388  | 0.1667  | 0.2917  | 0.2068  | 0.3242  | 0.5388  | 0.3949  | 1.2874  |
    crude_humor_language | 0.6231  | 0.4319  | 0.4354  | 0.4309  | 0.6310  | 0.6231  | 0.6228  | 0.7826  |
drug_alcohol_tobacco_use | 0.5989  | 0.4149  | 0.3457  | 0.3454  | 0.5967  | 0.5989  | 0.5827  | 0.5059  |
                 kissing | 0.7975  | 0.7677  | 0.6799  | 0.7012  | 0.7875  | 0.7975  | 0.7780  | 0.2025  |
               profanity | 0.6122  | 0.5580  | 0.5706  | 0.5600  | 0.6396  | 0.6122  | 0.6221  | 0.6427  |
                  nudity | 0.6669  | 0.5835  | 0.5156  | 0.5282  | 0.6964  | 0.6669  | 0.6741  | 0.5035  |
        sex_and_intimacy | 0.5043  | 0.5461  | 0.5045  | 0.5062  | 0.5662  | 0.5043  | 0.5119  | 0.9930  |
     violence_and_horror | 0.5700  | 0.5323  | 0.4923  | 0.4994  | 0.5754  | 0.5700  | 0.5621  | 0.5496  |
  gay_lesbian_characters | 0.8812  | 0.5285  | 0.3772  | 0.3942  | 0.8373  | 0.8812  | 0.8506  | 0.2009  |
                 overall | 0.6302  | 0.6792  | 0.5813  | 0.6104  | 0.6495  | 0.6302  | 0.6277  | 0.4754  |
                 Average | 0.6568  | 0.5454  | 0.4901  | 0.4957  | 0.6663  | 0.6568  | 0.6505  | 0.5476  |
    crude_humor_language | 0.6615  | 0.4605  | 0.4614  | 0.4581  | 0.6868  | 0.6615  | 0.6717  | 0.5145  |
drug_alcohol_tobacco_use | 0.6677  | 0.3233  | 0.3582  | 0.3396  | 0.5967  | 0.6677  | 0.6298  | 0.4105  |
                 kissing | 0.8241  | 0.8254  | 0.7080  | 0.7363  | 0.8245  | 0.8241  | 0.8052  | 0.1759  |
               profanity | 0.6669  | 0.6479  | 0.5468  | 0.5509  | 0.6867  | 0.6669  | 0.6570  | 0.4269  |
                  nudity | 0.7045  | 0.6884  | 0.4375  | 0.4521  | 0.7104  | 0.7045  | 0.6842  | 0.3690  |
        sex_and_intimacy | 0.5285  | 0.6394  | 0.5278  | 0.5393  | 0.6444  | 0.5285  | 0.5475  | 0.6357  |
     violence_and_horror | 0.6349  | 0.4973  | 0.5036  | 0.4960  | 0.6128  | 0.6349  | 0.6186  | 0.4027  |
  gay_lesbian_characters | 0.8929  | 0.2976  | 0.3333  | 0.3145  | 0.7972  | 0.8929  | 0.8424  | 0.1892  |
                 overall | 0.6841  | 0.7132  | 0.5992  | 0.6349  | 0.7064  | 0.6841  | 0.6805  | 0.3683  |
                 Average | 0.6976  | 0.5475  | 0.4846  | 0.4858  | 0.6949  | 0.6976  | 0.6821  | 0.3905  |
    crude_humor_language | 0.5981  | 0.4302  | 0.4278  | 0.4222  | 0.6434  | 0.5981  | 0.6146  | 0.6669  |
drug_alcohol_tobacco_use | 0.6271  | 0.4433  | 0.3351  | 0.3258  | 0.6088  | 0.6271  | 0.5881  | 0.4887  |
                 kissing | 0.7529  | 0.6830  | 0.6358  | 0.6477  | 0.7325  | 0.7529  | 0.7349  | 0.2471  |
               profanity | 0.5629  | 0.5088  | 0.4454  | 0.4378  | 0.5776  | 0.5629  | 0.5529  | 0.6763  |
                  nudity | 0.6239  | 0.3166  | 0.3251  | 0.3068  | 0.5617  | 0.6239  | 0.5841  | 0.6231  |
        sex_and_intimacy | 0.4050  | 0.5835  | 0.4063  | 0.3936  | 0.5854  | 0.4050  | 0.4065  | 0.8874  |
     violence_and_horror | 0.5794  | 0.5856  | 0.4778  | 0.4777  | 0.5800  | 0.5794  | 0.5666  | 0.5145  |
  gay_lesbian_characters | 0.8913  | 0.4313  | 0.3387  | 0.3266  | 0.8301  | 0.8913  | 0.8445  | 0.1931  |
                 overall | 0.5973  | 0.6338  | 0.5226  | 0.5496  | 0.6308  | 0.5973  | 0.5871  | 0.4887  |
                 Average | 0.6301  | 0.4978  | 0.4240  | 0.4173  | 0.6399  | 0.6301  | 0.6115  | 0.5371  |
    crude_humor_language | 0.5598  | 0.4052  | 0.3932  | 0.3885  | 0.6063  | 0.5598  | 0.5701  | 0.8014  |
drug_alcohol_tobacco_use | 0.5895  | 0.4067  | 0.3119  | 0.2995  | 0.5679  | 0.5895  | 0.5504  | 0.5739  |
                 kissing | 0.7654  | 0.7050  | 0.7050  | 0.7050  | 0.7654  | 0.7654  | 0.7654  | 0.2346  |
               profanity | 0.5911  | 0.5853  | 0.4840  | 0.4901  | 0.6165  | 0.5911  | 0.5837  | 0.6263  |
                  nudity | 0.6497  | 0.5883  | 0.3982  | 0.4294  | 0.6371  | 0.6497  | 0.6230  | 0.5950  |
        sex_and_intimacy | 0.4605  | 0.5311  | 0.4364  | 0.4507  | 0.5235  | 0.4605  | 0.4685  | 1.0367  |
     violence_and_horror | 0.5395  | 0.6081  | 0.4398  | 0.4414  | 0.5625  | 0.5395  | 0.5284  | 0.5754  |
  gay_lesbian_characters | 0.8890  | 0.3720  | 0.3378  | 0.3257  | 0.8157  | 0.8890  | 0.8432  | 0.1931  |
                 overall | 0.5927  | 0.6282  | 0.5494  | 0.5681  | 0.6141  | 0.5927  | 0.5849  | 0.4863  |
                 Average | 0.6306  | 0.5252  | 0.4383  | 0.4413  | 0.6369  | 0.6306  | 0.6166  | 0.5796  |
    crude_humor_language | 0.6849  | 0.4689  | 0.4741  | 0.4711  | 0.6881  | 0.6849  | 0.6862  | 0.5356  |
drug_alcohol_tobacco_use | 0.6708  | 0.4409  | 0.3707  | 0.3616  | 0.6482  | 0.6708  | 0.6411  | 0.4191  |
                 kissing | 0.8468  | 0.8235  | 0.7725  | 0.7918  | 0.8418  | 0.8468  | 0.8402  | 0.1532  |
               profanity | 0.7005  | 0.6477  | 0.6014  | 0.6159  | 0.6931  | 0.7005  | 0.6929  | 0.4073  |
                  nudity | 0.7475  | 0.7212  | 0.5713  | 0.6109  | 0.7550  | 0.7475  | 0.7440  | 0.2948  |
        sex_and_intimacy | 0.5817  | 0.6190  | 0.5844  | 0.5939  | 0.6255  | 0.5817  | 0.5967  | 0.6075  |
     violence_and_horror | 0.6552  | 0.6895  | 0.5617  | 0.5792  | 0.6620  | 0.6552  | 0.6473  | 0.3823  |
  gay_lesbian_characters | 0.8937  | 0.4471  | 0.3455  | 0.3388  | 0.8362  | 0.8937  | 0.8490  | 0.1837  |
                 overall | 0.7224  | 0.7293  | 0.6613  | 0.6862  | 0.7265  | 0.7224  | 0.7214  | 0.3299  |
                 Average | 0.7226  | 0.6072  | 0.5352  | 0.5454  | 0.7188  | 0.7226  | 0.7122  | 0.3729  |
    crude_humor_language | 0.65051 | 0.43598 | 0.43946 | 0.43719 | 0.65438 | 0.65051 | 0.65177 | 0.58170 |
drug_alcohol_tobacco_use | 0.64191 | 0.31291 | 0.34866 | 0.32959 | 0.58201 | 0.64191 | 0.61012 | 0.42455 |
                 kissing | 0.83112 | 0.78658 | 0.79738 | 0.79159 | 0.83478 | 0.83112 | 0.83268 | 0.16888 |
               profanity | 0.64504 | 0.58391 | 0.53727 | 0.54906 | 0.64316 | 0.64504 | 0.63868 | 0.50665 |
                  nudity | 0.73260 | 0.70414 | 0.53566 | 0.56302 | 0.73648 | 0.73260 | 0.72464 | 0.32213 |
        sex_and_intimacy | 0.53245 | 0.56203 | 0.53105 | 0.54031 | 0.57301 | 0.53245 | 0.54730 | 0.68647 |
     violence_and_horror | 0.55121 | 0.56676 | 0.47116 | 0.48926 | 0.56707 | 0.55121 | 0.54452 | 0.54027 |
  gay_lesbian_characters | 0.89289 | 0.29763 | 0.33333 | 0.31447 | 0.79724 | 0.89289 | 0.84236 | 0.18921 |
                 overall | 0.68882 | 0.70364 | 0.62629 | 0.65377 | 0.69281 | 0.68882 | 0.68720 | 0.36669 |
                 Average | 0.68471 | 0.53124 | 0.49925 | 0.50181 | 0.67352 | 0.68471 | 0.67401 | 0.42748 |
