3
Paragraph CNN
Paragraph RNN
Paragraph CNN+RNN
0.5289
0.1970
2.5201
0.9623
0.2452
0.0766
0.9045
0.5224
0.0955
0.5226
0.2101
2.3832
0.8178
0.2498
1.4359
0.6859
0.2122
1.9347
0.8744
0.2465
0.2601
0.9774
0.3295
0.0829
0.4585
0.2048
2.8606
0.7842
0.2766
1.0986
0.5452
0.2200
2.4259
0.9146
0.2388
0.1583
0.8907
0.4930
0.1093
0.5151
0.2192
2.3643
0.7915
0.2814
1.4736
0.6935
0.2507
1.9925
0.8405
0.2371
0.5590
0.9573
0.3261
0.1030
0.4711
0.2118
2.9196
0.7685
0.2833
1.1482
0.5214
0.1832
2.5389
0.9686
0.2460
0.0704
0.9121
0.4770
0.0879
0.5126
0.1951
2.3844
0.8166
0.2500
1.4749
0.7060
0.2081
1.9598
0.8606
0.2483
0.2638
0.9774
0.3295
0.0829
0.4623
0.1965
2.9083
0.7844
0.2672
1.1079
