7
Zero R
K-Nearest Neighbors
Logistic Regression
Multi-nomial Naïve Bayes
Random Forest
Support Vector Machine
Multi-Layer Perceptron
0.5201
0.1711
2.6709
0.9724
0.2465
0.0666
0.9158
0.4780
0.0842
0.5050
0.1678
2.5477
0.8178
0.2249
1.4862
0.7098
0.2076
1.9925
0.9083
0.2380
0.2148
0.9774
0.3295
0.0829
0.4560
0.1566
3.2374
0.7908
0.2579
1.1432
0.4749
0.2191
2.2940
0.8982
0.2440
0.1746
0.6432
0.4778
0.3568
0.3455
0.2150
2.0075
0.7500
0.2425
1.4962
0.6281
0.2536
2.0314
0.7198
0.2593
0.4196
0.9799
0.4749
0.0691
0.2889
0.2334
2.1922
0.6800
0.2983
1.1062
0.5264
0.1861
2.5754
0.9724
0.2465
0.0666
0.9146
0.4777
0.0854
0.5101
0.1809
2.4673
0.8166
0.2249
1.4812
0.7098
0.2077
1.9824
0.9083
0.2380
0.2148
0.9774
0.3295
0.0829
0.4573
0.1594
3.2261
0.7919
0.2614
1.1195
0.3769
0.1857
1.9598
0.9686
0.2460
0.0704
0.0854
0.0791
0.9146
0.2864
0.1797
1.6181
0.8078
0.2242
1.4698
0.0515
0.0479
1.5452
0.0804
0.0587
0.9422
0.9774
0.3295
0.0829
0.2663
0.1541
2.0038
0.4543
0.1689
1.0754
0.5201
0.1711
2.6709
0.9623
0.2452
0.0766
0.9146
0.4777
0.0854
0.5025
0.1674
2.5465
0.8178
0.2249
1.4862
0.7060
0.2069
1.9962
0.8354
0.2369
0.2764
0.9548
0.3256
0.1055
0.4560
0.1566
3.2374
0.7767
0.2570
1.1555
0.4962
0.1920
2.5126
0.9183
0.2693
0.1168
0.8643
0.4898
0.1357
0.5013
0.2017
2.3392
0.7802
0.2246
1.4774
0.6997
0.2213
1.9661
0.9008
0.2462
0.2148
0.9761
0.3293
0.0842
0.4497
0.1579
3.2299
0.7671
0.2718
1.1058
0.5176
0.1760
2.6018
0.9698
0.2462
0.0691
0.8555
0.4934
0.1445
0.5000
0.1740
2.4560
0.8166
0.2249
1.4812
0.6897
0.2154
1.9422
0.2714
0.1250
0.7776
0.9774
0.3295
0.0829
0.2286
0.1588
2.4422
0.6997
0.2481
1.1944
